9.38
17.10
6.91
14.47
17.82
5.18
19.92
10.18
14.37
18.74
6.26
8.91
14.95
5.15
18.73
8.31
19.22
15.56
5.29
15.38
7.75
19.47
5.57
14.55
7.83
10.84
6.78
13.64
16.77
9.14
12.61
5.32
18.16
12.78
9.93
8.62
13.69
8.15
8.64
19.86
5.76
13.34
4.19
9.28
13.06
7.33
10.19
4.79
6.83
16.73
18.52
9.66
9.29
11.55
18.47
7.85
15.09
13.73
11.96
6.77
19.82
15.54
14.43
8.71
8.10
10.51
8.99
7.21
11.12
7.07
14.33
4.85
12.89
18.43
11.02
5.54
19.08
18.44
5.19
10.34
16.32
15.85
15.50
12.00
5.01
19.86
14.30
5.22
18.28
7.72
9.81
8.28
4.42
6.99
4.88
14.31
11.90
13.25
12.89
4.86
5.72
8.78
4.29
17.13
11.60
4.64
11.98
12.38
10.33
5.89
9.09
13.20
16.74
9.42
12.41
18.79
8.49
10.45
15.87
11.21
15.52
7.16
4.30
13.52
15.86
7.03
19.19
16.76
16.51
6.39
18.43
15.40
10.02
5.42
6.09
16.10
7.71
19.75
8.01
18.71
17.46
6.71
8.09
19.75
7.14
7.25
12.12
12.33
17.76
18.32
11.91
4.96
7.83
19.44
13.82
16.94
6.91
17.83
4.53
19.32
9.60
16.58
4.72
8.56
11.76
5.32
6.85
8.42
17.09
15.80
4.84
15.01
16.78
10.78
10.07
11.35
13.45
5.59
10.67
7.06
4.43
6.08
18.37
13.26
8.19
5.52
6.25
6.06
14.31
13.74
19.49
16.11
18.55
11.32
8.87
10.48
9.67
14.53
16.30
17.89
